(* Content-type: application/vnd.wolfram.mathematica *)

(*** Wolfram Notebook File ***)
(* http://www.wolfram.com/nb *)

(* CreatedBy='Mathematica 10.2' *)

(*CacheID: 234*)
(* Internal cache information:
NotebookFileLineBreakTest
NotebookFileLineBreakTest
NotebookDataPosition[       158,          7]
NotebookDataLength[   1713246,      29787]
NotebookOptionsPosition[   1712709,      29770]
NotebookOutlinePosition[   1713114,      29786]
CellTagsIndexPosition[   1713071,      29783]
WindowFrame->Normal*)

(* Beginning of Notebook Content *)
Notebook[{

Cell[CellGroupData[{
Cell[BoxData[{
 RowBox[{
  RowBox[{"Data1", "=", 
   RowBox[{"Import", "[", 
    RowBox[{
     RowBox[{
      RowBox[{"NotebookDirectory", "[", "]"}], "<>", "\"\<data.txt\>\""}], 
     ",", "\"\<Table\>\""}], "]"}]}], ";"}], "\[IndentingNewLine]", 
 RowBox[{
  RowBox[{
   RowBox[{"{", 
    RowBox[{"aa", ",", "bb", ",", "cc"}], "}"}], "=", 
   RowBox[{
    RowBox[{"Import", "[", 
     RowBox[{
      RowBox[{
       RowBox[{"NotebookDirectory", "[", "]"}], "<>", 
       "\"\<parameters.txt\>\""}], ",", "\"\<Table\>\""}], "]"}], "[", 
    RowBox[{"[", "1", "]"}], "]"}]}], ";"}], "\[IndentingNewLine]", 
 RowBox[{
  RowBox[{"Ellipsoids2", "=", 
   RowBox[{"Table", "[", 
    RowBox[{
     RowBox[{"{", 
      RowBox[{"GeometricTransformation", "[", 
       RowBox[{
        RowBox[{"Ellipsoid", "[", 
         RowBox[{
          RowBox[{"{", 
           RowBox[{
            RowBox[{
             RowBox[{"Data1", "[", 
              RowBox[{"[", 
               RowBox[{"i", ",", "1"}], "]"}], "]"}], "*", "aa"}], ",", 
            RowBox[{
             RowBox[{"Data1", "[", 
              RowBox[{"[", 
               RowBox[{"i", ",", "2"}], "]"}], "]"}], "*", "bb"}], ",", 
            RowBox[{
             RowBox[{"Data1", "[", 
              RowBox[{"[", 
               RowBox[{"i", ",", "3"}], "]"}], "]"}], "*", "cc"}]}], "}"}], 
          ",", 
          RowBox[{
           RowBox[{"Data1", "[", 
            RowBox[{"[", 
             RowBox[{"i", ",", "4"}], "]"}], "]"}], 
           RowBox[{"(*", 
            RowBox[{"{", 
             RowBox[{"1", ",", "1", ",", "1"}], "}"}], "*)"}], "*", 
           RowBox[{"{", 
            RowBox[{"aa", ",", "bb", ",", "cc"}], "}"}]}]}], "]"}], ",", 
        RowBox[{"RotationTransform", "[", 
         RowBox[{
          RowBox[{"Data1", "[", 
           RowBox[{"[", 
            RowBox[{"i", ",", "5"}], "]"}], "]"}], ",", 
          RowBox[{"{", 
           RowBox[{
            RowBox[{"Data1", "[", 
             RowBox[{"[", 
              RowBox[{"i", ",", "6"}], "]"}], "]"}], ",", 
            RowBox[{"Data1", "[", 
             RowBox[{"[", 
              RowBox[{"i", ",", "7"}], "]"}], "]"}], ",", 
            RowBox[{"Data1", "[", 
             RowBox[{"[", 
              RowBox[{"i", ",", "8"}], "]"}], "]"}]}], "}"}], ",", 
          RowBox[{"{", 
           RowBox[{
            RowBox[{
             RowBox[{"Data1", "[", 
              RowBox[{"[", 
               RowBox[{"i", ",", "1"}], "]"}], "]"}], "*", "aa"}], ",", 
            RowBox[{
             RowBox[{"Data1", "[", 
              RowBox[{"[", 
               RowBox[{"i", ",", "2"}], "]"}], "]"}], "*", "bb"}], ",", 
            RowBox[{
             RowBox[{"Data1", "[", 
              RowBox[{"[", 
               RowBox[{"i", ",", "3"}], "]"}], "]"}], "*", "cc"}]}], "}"}]}], 
         "]"}]}], "]"}], "}"}], ",", 
     RowBox[{"{", 
      RowBox[{"i", ",", "1", ",", 
       RowBox[{"Length", "[", "Data1", "]"}]}], "}"}]}], "]"}]}], 
  ";"}], "\[IndentingNewLine]", 
 RowBox[{"Graphics3D", "[", 
  RowBox[{"Ellipsoids2", ",", 
   RowBox[{"Axes", "\[Rule]", "True"}]}], "]"}]}], "Input",
 CellChangeTimes->{{3.7983555576345654`*^9, 3.7983556129318676`*^9}, 
   3.798355941994592*^9, {3.798356272417552*^9, 3.7983563121609626`*^9}, {
   3.855644327118518*^9, 3.8556443411957903`*^9}, {3.855644372331751*^9, 
   3.8556444092708516`*^9}, {3.855644536257427*^9, 3.8556445406593313`*^9}},
 CellLabel->"In[14]:=",ExpressionUUID->"e5242356-1995-4f78-82a4-fec0b614d598"],

Cell[BoxData[
 Graphics3DBox[{GeometricTransformation3DBox[
    InterpretationBox[
     GeometricTransformation3DBox[
      SphereBox[{0, 0, 
       0}], {{{274.9412, 0, 0}, {0, 206.20589999999999`, 0}, {
        0, 0, 137.4706}}, {0., 0., 0.}}],
     Ellipsoid[{0., 0., 0.}, {274.9412, 206.20589999999999`, 137.4706}]], {{{
     0.7641840294827106, -0.6302474412568545, 0.13715295065274818`}, {
     0.6302474412568545, 0.6844144878715499, -0.36655827855978346`}, {
     0.13715295065274818`, 0.36655827855978346`, 0.9202304583888391}}, {0., 
     0., 0.}}], GeometricTransformation3DBox[
    InterpretationBox[
     GeometricTransformation3DBox[
      SphereBox[{0, 0, 
       0}], {{{143.5212, 0, 0}, {0, 107.64089999999999`, 0}, {
        0, 0, 71.7606}}, {200., 150., -100.}}],
     Ellipsoid[{200., 150., -100.}, {143.5212, 107.64089999999999`, 
      71.7606}]], {{{0.9883766140434838, 
     0.13539656618218737`, -0.06913348449203888}, {-0.13539656618218737`, 
     0.5771850132576954, -0.8053106421355591}, {-0.06913348449203888, 
     0.8053106421355591, 0.5888083992142118}}, {-24.898156185228743`, 
     9.970497034227265, -148.08905950050493`}}], GeometricTransformation3DBox[
    InterpretationBox[
     GeometricTransformation3DBox[
      SphereBox[{0, 0, 
       0}], {{{246.5224, 0, 0}, {0, 184.89180000000002`, 0}, {
        0, 0, 123.2612}}, {200., -150., 100.}}],
     Ellipsoid[{200., -150., 100.}, {246.5224, 184.89180000000002`, 
      123.2612}]], {{{
     0.9607392232096361, -0.2504367657809225, -0.11942182100326584`}, {
     0.2504367657809225, 0.597486824820095, 
     0.761768285314893}, {-0.11942182100326584`, -0.761768285314893, 
     0.6367476016104586}}, {-17.77117740873902, -186.64115796465956`, \
-54.05563875762664}}], GeometricTransformation3DBox[
    InterpretationBox[
     GeometricTransformation3DBox[
      SphereBox[{0, 0, 
       0}], {{{152.379, 0, 0}, {0, 114.28425, 0}, {0, 0, 76.1895}}, {
       200., -150., -100.}}],
     Ellipsoid[{200., -150., -100.}, {152.379, 114.28425, 76.1895}]], {{{
     0.9982220229929986, -0.04400593465537087, -0.04020286714741674}, {
     0.04400593465537087, 0.08917172565613321, 
     0.9950436578656309}, {-0.04020286714741674, -0.9950436578656309, 
     0.09094970266313473}}, {-10.265581511647014`, -45.92106229609111, \
-232.1210049840478}}], GeometricTransformation3DBox[
    InterpretationBox[
     GeometricTransformation3DBox[
      SphereBox[{0, 0, 
       0}], {{{212.51739999999998`, 0, 0}, {0, 159.38805, 0}, {
        0, 0, 106.25869999999999`}}, {-200., 150., -100.}}],
     Ellipsoid[{-200., 150., -100.}, {212.51739999999998`, 159.38805, 
      106.25869999999999`}]], {{{
     0.9656662301066055, -0.2592479598277526, -0.016710097451689776`}, {
     0.2592479598277526, 0.9575334978808123, 
     0.12617486184373028`}, {-0.016710097451689776`, -0.12617486184373028`, 
     0.9918672677742071}}, {30.34943025031501, 70.83705346780172, 
     14.770936563642294`}}], GeometricTransformation3DBox[
    InterpretationBox[
     GeometricTransformation3DBox[
      SphereBox[{0, 0, 
       0}], {{{133.5552, 0, 0}, {0, 100.16640000000001`, 0}, {
        0, 0, 66.7776}}, {200., 150., 100.}}],
     Ellipsoid[{200., 150., 100.}, {133.5552, 100.16640000000001`, 
      66.7776}]], {{{0.9880808287411209, 
     0.15305075725626757`, -0.016484586059193673`}, {-0.15305075725626757`, 
     0.9652821314457423, -0.21167397670674543`}, {-0.016484586059193618`, 
     0.21167397670674543`, 0.9772013027046216}}, {-18.925320730744943`, 
     56.98522940506673, -26.17430956463525}}], GeometricTransformation3DBox[
    InterpretationBox[
     GeometricTransformation3DBox[
      SphereBox[{0, 0, 
       0}], {{{137.2612, 0, 0}, {0, 102.9459, 0}, {0, 0, 68.6306}}, {-200., 
       150., 100.}}],
     Ellipsoid[{-200., 150., 100.}, {137.2612, 102.9459, 68.6306}]], {{{
     0.6770841307187965, 
     0.6619229171733415, -0.32158223155128696`}, {-0.6619229171733415, 
     0.3568300289934677, -0.6591891853855423}, {-0.32158223155128696`, 
     0.6591891853855423, 0.6797458982746714}}, {-131.71338827711324`, 
     30.009830754865746`, -131.16941394555585`}}], 
   GeometricTransformation3DBox[
    InterpretationBox[
     GeometricTransformation3DBox[
      SphereBox[{0, 0, 
       0}], {{{143.868, 0, 0}, {0, 107.901, 0}, {
        0, 0, 71.934}}, {-200., -150., 100.}}],
     Ellipsoid[{-200., -150., 100.}, {143.868, 107.901, 71.934}]], {{{
     0.9519370940317449, 
     0.3058537410079412, -0.016409086441469878`}, {-0.3058537410079412, 
     0.9463348918257138, -0.10442107845000297`}, {-0.016409086441469878`, 
     0.10442107845000297`, 0.9943977977939683}}, {
     37.90638860168713, -58.778406582730895`, 12.941564699809646`}}], 
   GeometricTransformation3DBox[
    InterpretationBox[
     GeometricTransformation3DBox[
      SphereBox[{0, 0, 
       0}], {{{154.9424, 0, 0}, {0, 116.20679999999999`, 0}, {
        0, 0, 77.4712}}, {-200., -150., -100.}}],
     Ellipsoid[{-200., -150., -100.}, {154.9424, 116.20679999999999`, 
      77.4712}]], {{{0.7075208967129853, 0.6427136204212168, 
     0.2938254291913903}, {-0.6427136204212168, 0.41234294427381774`, 
     0.6456721292054126}, {0.2938254291913903, -0.6456721292054126, 
     0.704822047560832}}, {
     67.29376532491864, -152.12406952262944`, -67.60352878645062}}], 
   GeometricTransformation3DBox[
    InterpretationBox[
     GeometricTransformation3DBox[
      SphereBox[{0, 0, 
       0}], {{{228.4164, 0, 0}, {0, 171.3123, 0}, {0, 0, 114.2082}}, {0., 
       300., 0.}}],
     Ellipsoid[{0., 300., 0.}, {228.4164, 171.3123, 114.2082}]], {{{
     0.8651404493876281, -0.41709020256176427`, 0.2785099024457823}, {
     0.41709020256176427`, 0.2899660148878945, -0.8613683724963553}, {
     0.2785099024457823, 0.8613683724963553, 0.4248255655002663}}, {
     125.12706076852928`, 213.01019553363165`, -258.41051174890663`}}], 
   GeometricTransformation3DBox[
    InterpretationBox[
     GeometricTransformation3DBox[
      SphereBox[{0, 0, 
       0}], {{{246.1122, 0, 0}, {0, 184.58415, 0}, {0, 0, 123.0561}}, {0., 
       0., -200.}}],
     Ellipsoid[{0., 0., -200.}, {246.1122, 184.58415, 123.0561}]], {{{
     0.9989219555831762, -0.04639834910149704, -0.0014559720252443342`}, {
     0.04639834910149704, 0.9969555667171778, 
     0.06266411407086679}, {-0.0014559720252442787`, -0.06266411407086679, 
     0.9980336111340014}}, {-0.29119440504886684`, 
     12.532822814173358`, -0.3932777731997419}}], GeometricTransformation3DBox[
    InterpretationBox[
     GeometricTransformation3DBox[
      SphereBox[{0, 0, 
       0}], {{{127.9982, 0, 0}, {0, 95.99865, 0}, {0, 0, 63.9991}}, {
       0., -300., 0.}}],
     Ellipsoid[{0., -300., 0.}, {127.9982, 95.99865, 63.9991}]], {{{
     0.9483167887447881, 0.3134273949827614, 
     0.04958362894235757}, {-0.3134273949827614, 0.9007474485396462, 
     0.3006946990281631}, {0.04958362894235746, -0.3006946990281631, 
     0.9524306597948586}}, {
     94.02821849482842, -29.775765438106134`, -90.20840970844893}}], 
   GeometricTransformation3DBox[
    InterpretationBox[
     GeometricTransformation3DBox[
      SphereBox[{0, 0, 
       0}], {{{247.3428, 0, 0}, {0, 185.5071, 0}, {0, 0, 123.6714}}, {400., 
       0., 0.}}],
     Ellipsoid[{400., 0., 0.}, {247.3428, 185.5071, 123.6714}]], {{{
     0.9993305119704295, 
     0.036579804708902874`, -0.0006676319177438828}, {-0.036579804708902874`, 
     0.9986647310185636, -0.03647838958998484}, {-0.0006676319177438828, 
     0.03647838958998484, 0.9993342190481339}}, {0.26779521182817234`, 
     14.63192188356115, 0.2670527670975531}}], GeometricTransformation3DBox[
    InterpretationBox[
     GeometricTransformation3DBox[
      SphereBox[{0, 0, 
       0}], {{{125.5958, 0, 0}, {0, 94.19685, 0}, {0, 0, 62.7979}}, {0., 0., 
       200.}}],
     Ellipsoid[{0., 0., 200.}, {125.5958, 94.19685, 62.7979}]], {{{
     0.6655273419206345, 
     0.6208232799479613, -0.4143088367760339}, {-0.6208232799479613, 
     0.15232601414579508`, -0.7690092590399094}, {-0.4143088367760339, 
     0.7690092590399094, 0.4867986722251607}}, {82.86176735520678, 
     153.80185180798188`, 102.64026555496785`}}], GeometricTransformation3DBox[
    InterpretationBox[
     GeometricTransformation3DBox[
      SphereBox[{0, 0, 
       0}], {{{233.61679999999998`, 0, 0}, {0, 175.21259999999998`, 0}, {
        0, 0, 116.80839999999999`}}, {-400., 0., 0.}}],
     Ellipsoid[{-400., 0., 0.}, {233.61679999999998`, 175.21259999999998`, 
      116.80839999999999`}]], {{{0.7649827170232557, -0.5523749284248535, 
     0.3311848141194817}, {0.5523749284248535, 
     0.2982792486055347, -0.7784031271127806}, {0.3311848141194817, 
     0.7784031271127806, 0.5332965315822791}}, {-94.00691319069773, 
     220.94997136994138`, 132.47392564779267`}}], GeometricTransformation3DBox[
    InterpretationBox[
     GeometricTransformation3DBox[
      SphereBox[{0, 0, 
       0}], {{{192.6048, 0, 0}, {0, 144.4536, 0}, {0, 0, 96.3024}}, {400., 
       300., 0.}}],
     Ellipsoid[{400., 300., 0.}, {192.6048, 144.4536, 96.3024}]], {{{
     0.6939535488315476, 0.639632573709882, 
     0.33060345236154687`}, {-0.639632573709882, 0.33682265482482704`, 
     0.6909563443851051}, {0.33060345236154687`, -0.6909563443851051, 
     0.6428691059932797}}, {-69.47119164558364, 454.8062330365047, 
     75.04552237091278}}], GeometricTransformation3DBox[
    InterpretationBox[
     GeometricTransformation3DBox[
      SphereBox[{0, 0, 
       0}], {{{147.5106, 0, 0}, {0, 110.63295000000001`, 0}, {
        0, 0, 73.7553}}, {0., 300., -200.}}],
     Ellipsoid[{0., 300., -200.}, {147.5106, 110.63295000000001`, 
      73.7553}]], {{{0.5624364594691306, 0.8076635075219857, 
     0.17704487475527844`}, {-0.8076635075219857, 0.4908014058742096, 
     0.32679295985253815`}, {0.17704487475527841`, -0.32679295985253815`, 
     0.9283649464050788}}, {-206.89007730554002`, 218.11817020824475`, 
     83.71087723677721}}], GeometricTransformation3DBox[
    InterpretationBox[
     GeometricTransformation3DBox[
      SphereBox[{0, 0, 
       0}], {{{152.6474, 0, 0}, {0, 114.48555, 0}, {0, 0, 76.3237}}, {400., 
       0., -200.}}],
     Ellipsoid[{400., 0., -200.}, {152.6474, 114.48555, 76.3237}]], {{{
     0.9995241381226492, 
     0.030440681694995378`, -0.004986201772798918}, {-0.030440681694995378`, 
     0.9472774478488246, -0.31896520452074595`}, {-0.004986201772798904, 
     0.31896520452074595`, 
     0.9477533097261753}}, {-0.8068956036194663, -51.61676822615104, \
-8.454857345645365}}], GeometricTransformation3DBox[
    InterpretationBox[
     GeometricTransformation3DBox[
      SphereBox[{0, 0, 
       0}], {{{166.9986, 0, 0}, {0, 125.24895, 0}, {0, 0, 83.4993}}, {-400., 
       0., -200.}}],
     Ellipsoid[{-400., 0., -200.}, {166.9986, 125.24895, 83.4993}]], {{{
     0.928075201975507, 0.36959680782652216`, 
     0.04554798703089369}, {-0.36959680782652216`, 0.8992309204544109, 
     0.2340554450192469}, {0.04554798703089369, -0.2340554450192469, 
     0.9711557184789037}}, {-19.660321803618444`, -101.02763412675947`, 
     12.450338508138202`}}], GeometricTransformation3DBox[
    InterpretationBox[
     GeometricTransformation3DBox[
      SphereBox[{0, 0, 
       0}], {{{228.5532, 0, 0}, {0, 171.4149, 0}, {0, 0, 114.2766}}, {
       0., -300., -200.}}],
     Ellipsoid[{0., -300., -200.}, {228.5532, 171.4149, 114.2766}]], {{{
     0.6187598228833354, -0.661764896306221, 0.4233243479912296}, {
     0.661764896306221, 0.14870573530651363`, -0.7348155049424075}, {
     0.4233243479912296, 0.7348155049424075, 
     0.5299459124231781}}, {-113.8645992936204, -402.3513803965274, 
     126.43383396735788`}}], GeometricTransformation3DBox[
    InterpretationBox[
     GeometricTransformation3DBox[
      SphereBox[{0, 0, 
       0}], {{{122.9152, 0, 0}, {0, 92.1864, 0}, {0, 0, 61.4576}}, {0., -300.,
        200.}}],
     Ellipsoid[{0., -300., 200.}, {122.9152, 92.1864, 61.4576}]], {{{
     0.3839482788716903, -0.9169637782149196, 0.10844882937720747`}, {
     0.9169637782149196, 0.364857108130789, -0.16142094067455326`}, {
     0.10844882937720747`, 0.16142094067455326`, 
     0.9809088292590988}}, {-296.77889933991736`, -158.25867942585268`, 
     52.244516350546206`}}], GeometricTransformation3DBox[
    InterpretationBox[
     GeometricTransformation3DBox[
      SphereBox[{0, 0, 
       0}], {{{232.24960000000002`, 0, 0}, {0, 174.18720000000002`, 0}, {
        0, 0, 116.12480000000001`}}, {-400., 0., 200.}}],
     Ellipsoid[{-400., 0., 200.}, {232.24960000000002`, 174.18720000000002`, 
      116.12480000000001`}]], {{{
     0.6882866188053957, -0.6421377876430397, -0.3375212468191273}, {
     0.6421377876430397, 0.3228207808687912, 
     0.6953026715899819}, {-0.3375212468191273, -0.6953026715899819, 
     0.6345341620633955}}, {-57.18110311401625, 
     117.79458073921953`, -61.91533114033007}}], GeometricTransformation3DBox[
    InterpretationBox[
     GeometricTransformation3DBox[
      SphereBox[{0, 0, 
       0}], {{{194.8656, 0, 0}, {0, 146.1492, 0}, {0, 0, 97.4328}}, {-400., 
       300., 0.}}],
     Ellipsoid[{-400., 300., 0.}, {194.8656, 146.1492, 97.4328}]], {{{
     0.8157714153823381, -0.4747379356720979, -0.330364783654208}, {
     0.4747379356720979, 0.22335037222339052`, 
     0.8513157485101916}, {-0.330364783654208, -0.8513157485101916, 
     0.4075789568410523}}, {68.72994685456456, 422.890062601822, 
     123.24881109137431`}}], GeometricTransformation3DBox[
    InterpretationBox[
     GeometricTransformation3DBox[
      SphereBox[{0, 0, 
       0}], {{{226.7074, 0, 0}, {0, 170.03055, 0}, {0, 0, 113.3537}}, {400., 
       0., 200.}}],
     Ellipsoid[{400., 0., 200.}, {226.7074, 170.03055, 113.3537}]], {{{
     0.9999620600487235, 0.007386182558543395, 
     0.004617658532680978}, {-0.007386182558543395, 0.4379484146122228, 
     0.8989697605847775}, {0.004617658532680978, -0.8989697605847775, 
     0.4379863545634989}}, {-0.9083557260256043, -176.83947909353813`, 
     110.55566567422784`}}], GeometricTransformation3DBox[
    InterpretationBox[
     GeometricTransformation3DBox[
      SphereBox[{0, 0, 
       0}], {{{270.37559999999996`, 0, 0}, {0, 202.7817, 0}, {
        0, 0, 135.18779999999998`}}, {400., -300., 0.}}],
     Ellipsoid[{400., -300., 0.}, {270.37559999999996`, 202.7817, 
      135.18779999999998`}]], {{{0.991987232744896, 0.12565779085077922`, 
     0.01309387909006876}, {-0.12565779085077922`, 0.9705901717587394, 
     0.20534078524210078`}, {0.01309387909006876, -0.20534078524210078`, 
     0.9786029390138434}}, {40.9024441572754, 
     41.440167867933496`, -66.83978720865774}}], GeometricTransformation3DBox[
    InterpretationBox[
     GeometricTransformation3DBox[
      SphereBox[{0, 0, 
       0}], {{{141.64620000000002`, 0, 0}, {0, 106.23465, 0}, {
        0, 0, 70.82310000000001}}, {0., 300., 200.}}],
     Ellipsoid[{0., 300., 200.}, {141.64620000000002`, 106.23465, 
      70.82310000000001}]], {{{
     0.855787443440345, -0.516784287669169, -0.02370341047419669}, {
     0.516784287669169, 0.8518914465763281, 
     0.08494093988390312}, {-0.02370341047419669, -0.08494093988390312, 
     0.9961040031359834}}, {159.77596839559004`, 27.44437805032095, 
     26.26148133797426}}], GeometricTransformation3DBox[
    InterpretationBox[
     GeometricTransformation3DBox[
      SphereBox[{0, 0, 
       0}], {{{267.5338, 0, 0}, {0, 200.65035, 0}, {
        0, 0, 133.7669}}, {-400., -300., 0.}}],
     Ellipsoid[{-400., -300., 0.}, {267.5338, 200.65035, 133.7669}]], {{{
     0.9999152315008457, 
     0.012973339704056081`, -0.0011055629941576495`}, {-0.012973339704056081`,
      0.9854963194493216, -0.1692001678745142}, {-0.0011055629941576495`, 
     0.1692001678745142, 0.9855810879484765}}, {
     3.858094511555123, -9.54044004682595, 50.3178251646912}}], 
   GeometricTransformation3DBox[
    InterpretationBox[
     GeometricTransformation3DBox[
      SphereBox[{0, 0, 
       0}], {{{136.5728, 0, 0}, {0, 102.42960000000001`, 0}, {
        0, 0, 68.2864}}, {200., -150., 300.}}],
     Ellipsoid[{200., -150., 300.}, {136.5728, 102.42960000000001`, 
      68.2864}]], {{{
     0.6944152783211518, -0.6698450225622711, -0.26285940535333274`}, {
     0.6698450225622711, 0.46830755080418973`, 
     0.5761906660197923}, {-0.26285940535333274`, -0.5761906660197923, 
     0.7738922724830377}}, {39.49801255742878, -386.5800716977634, 
     33.97559942278639}}], GeometricTransformation3DBox[
    InterpretationBox[
     GeometricTransformation3DBox[
      SphereBox[{0, 0, 
       0}], {{{154.1368, 0, 0}, {0, 115.60260000000001`, 0}, {
        0, 0, 77.0684}}, {200., 150., 300.}}],
     Ellipsoid[{200., 150., 300.}, {154.1368, 115.60260000000001`, 
      77.0684}]], {{{
     0.9824578176350547, -0.18584364765843023`, -0.015452352337928632`}, {
     0.18584364765843023`, 0.9688463303179101, 
     0.16370377776498726`}, {-0.015452352337928688`, -0.16370377776498726`, 
     0.9863885126828558}}, {36.02068932313219, -81.60681240886873, 
     31.729483327477112`}}], GeometricTransformation3DBox[
    InterpretationBox[
     GeometricTransformation3DBox[
      SphereBox[{0, 0, 
       0}], {{{234.9498, 0, 0}, {0, 176.21235000000001`, 0}, {
        0, 0, 117.4749}}, {200., -150., -300.}}],
     Ellipsoid[{200., -150., -300.}, {234.9498, 176.21235000000001`, 
      117.4749}]], {{{0.8949201354038644, 0.4289159520607613, 
     0.12308150680155022`}, {-0.4289159520607613, 0.7507530547289512, 
     0.5023952198050448}, {0.12308150680155022`, -0.5023952198050448, 
     0.8558329193250871}}, {122.27781776880639`, 
     199.11471456300836`, -143.22570853354065`}}], 
   GeometricTransformation3DBox[
    InterpretationBox[
     GeometricTransformation3DBox[
      SphereBox[{0, 0, 
       0}], {{{167.3306, 0, 0}, {0, 125.49795, 0}, {0, 0, 83.6653}}, {-600., 
       150., 100.}}],
     Ellipsoid[{-600., 150., 100.}, {167.3306, 125.49795, 83.6653}]], {{{
     0.9335980229356037, 0.35318301166815197`, 
     0.060468932847756174`}, {-0.35318301166815197`, 0.8785320143407029, 
     0.3216259629561659}, {0.06046893284775623, -0.3216259629561659, 
     0.9449339914050996}}, {-98.86553127363618, -225.8522054476132, 
     90.03185501156865}}], GeometricTransformation3DBox[
    InterpretationBox[
     GeometricTransformation3DBox[
      SphereBox[{0, 0, 
       0}], {{{152.7304, 0, 0}, {0, 114.5478, 0}, {0, 0, 76.3652}}, {-600., 
       150., -100.}}],
     Ellipsoid[{-600., 150., -100.}, {152.7304, 114.5478, 76.3652}]], {{{
     0.9088290086650627, 0.4161143303475423, 
     0.029642825241469883`}, {-0.4161143303475423, 0.8991911065710924, 
     0.13529308165191206`}, {0.029642825241469883`, -0.13529308165191206`, 
     0.9903620979060302}}, {-114.15546182894678`, -221.01795602899801`, 
     37.115867183271746`}}], GeometricTransformation3DBox[
    InterpretationBox[
     GeometricTransformation3DBox[
      SphereBox[{0, 0, 
       0}], {{{245.18939999999998`, 0, 0}, {0, 183.89204999999998`, 0}, {
        0, 0, 122.59469999999999`}}, {-200., -450., 100.}}],
     Ellipsoid[{-200., -450., 100.}, {245.18939999999998`, 
      183.89204999999998`, 122.59469999999999`}]], {{{0.9458076087739993, 
     0.3193081270360607, -0.059078652607625515`}, {-0.3193081270360607, 
     0.881402124628138, -0.34809857039311026`}, {-0.05907865260762557, 
     0.34809857039311026`, 0.9355945158541388}}, {
     138.75804418178973`, -82.42081228523898, 151.2691745699606}}], 
   GeometricTransformation3DBox[
    InterpretationBox[
     GeometricTransformation3DBox[
      SphereBox[{0, 0, 
       0}], {{{156.1876, 0, 0}, {0, 117.14070000000001`, 0}, {
        0, 0, 78.0938}}, {200., 450., -100.}}],
     Ellipsoid[{200., 450., -100.}, {156.1876, 117.14070000000001`, 
      78.0938}]], {{{0.5988130411161203, 
     0.7866831248764008, -0.15017524038257785`}, {-0.7866831248764008, 
     0.5425983453874569, -0.2944769882647798}, {-0.15017524038257787`, 
     0.2944769882647798, 0.943785304271337}}, {-288.78753845586215`, 
     333.7196707244466, -108.10106621550163`}}], GeometricTransformation3DBox[
    InterpretationBox[
     GeometricTransformation3DBox[
      SphereBox[{0, 0, 
       0}], {{{139.7858, 0, 0}, {0, 104.83935000000001`, 0}, {
        0, 0, 69.8929}}, {200., 450., 100.}}],
     Ellipsoid[{200., 450., 100.}, {139.7858, 104.83935000000001`, 
      69.8929}]], {{{0.7980672849148341, -0.5740925118983017, 
     0.1830475253341689}, {0.5740925118983017, 
     0.632138765027248, -0.5204021229127761}, {0.1830475253341689, 
     0.5204021229127761, 0.8340714801124136}}, {280.42342083785206`, 
     102.75926564935565`, -254.1976083888244}}], GeometricTransformation3DBox[
    InterpretationBox[
     GeometricTransformation3DBox[
      SphereBox[{0, 0, 
       0}], {{{271.367, 0, 0}, {0, 203.52525, 0}, {0, 0, 135.6835}}, {-200., 
       450., 100.}}],
     Ellipsoid[{-200., 450., 100.}, {271.367, 203.52525, 135.6835}]], {{{
     0.9999848189176933, 0.005482481946331668, 
     0.0005516573722240438}, {-0.005482481946331668, 0.9799384315666143, 
     0.19922503038140602`}, {0.0005516573722240438, -0.19922503038140602`, 
     0.9799536126489211}}, {-2.5253188295330062`, -11.99129363238336, 
     91.7662338811854}}], GeometricTransformation3DBox[
    InterpretationBox[
     GeometricTransformation3DBox[
      SphereBox[{0, 0, 
       0}], {{{235.819, 0, 0}, {0, 176.86425, 0}, {
        0, 0, 117.9095}}, {-600., -150., -100.}}],
     Ellipsoid[{-600., -150., -100.}, {235.819, 176.86425, 117.9095}]], {{{
     0.7073020504005074, 
     0.659117633229899, -0.25551468659287413`}, {-0.659117633229899, 
     0.4842470028540867, -0.5753857712806693}, {-0.25551468659287413`, 
     0.5753857712806693, 
     0.7769449524535796}}, {-102.30259343449808`, -530.3721066378934, \
-89.30645101826612}}], GeometricTransformation3DBox[
    InterpretationBox[
     GeometricTransformation3DBox[
      SphereBox[{0, 0, 
       0}], {{{240.9412, 0, 0}, {0, 180.7059, 0}, {
        0, 0, 120.4706}}, {-200., -150., -300.}}],
     Ellipsoid[{-200., -150., -300.}, {240.9412, 180.7059, 120.4706}]], {{{
     0.7481751684662497, -0.6412978228172181, -0.170208753418839}, {
     0.6412978228172181, 0.6331308356101691, 
     0.43345408920607126`}, {-0.17020875341883906`, -0.43345408920607126`, 
     0.8849556671439199}}, {-197.62226575498448`, 
     203.26541666679043`, -133.5731639215025}}], GeometricTransformation3DBox[
    InterpretationBox[
     GeometricTransformation3DBox[
      SphereBox[{0, 0, 
       0}], {{{227.4594, 0, 0}, {0, 170.59455, 0}, {0, 0, 113.7297}}, {200., 
       150., -300.}}],
     Ellipsoid[{200., 150., -300.}, {227.4594, 170.59455, 113.7297}]], {{{
     0.9497011812268052, -0.31117481959215804`, -0.035183775070314505`}, {
     0.31117481959215804`, 0.925090304502635, 
     0.21766524795430708`}, {-0.03518377507031445, -0.21766524795430708`, 
     0.9753891232758294}}, {46.1808541723683, 14.30106479246524, 
     32.30327918995778}}], GeometricTransformation3DBox[
    InterpretationBox[
     GeometricTransformation3DBox[
      SphereBox[{0, 0, 
       0}], {{{152.7304, 0, 0}, {0, 114.5478, 0}, {0, 0, 76.3652}}, {-200., 
       150., 300.}}],
     Ellipsoid[{-200., 150., 300.}, {152.7304, 114.5478, 76.3652}]], {{{
     0.8882174158234496, -0.372878015593576, 0.26838742093270695`}, {
     0.372878015593576, 0.2438253734893557, -0.8952715636776213}, {
     0.26838742093270695`, 0.8952715636776213, 
     0.355607957665906}}, {-46.94104077608577, 456.5832661985982, 
     112.7043623351264}}], GeometricTransformation3DBox[
    InterpretationBox[
     GeometricTransformation3DBox[
      SphereBox[{0, 0, 
       0}], {{{231.1606, 0, 0}, {0, 173.37044999999998`, 0}, {
        0, 0, 115.5803}}, {-200., 450., -100.}}],
     Ellipsoid[{-200., 450., -100.}, {231.1606, 173.37044999999998`, 
      115.5803}]], {{{0.9965829077553188, 0.078771581138271, 
     0.024850472328105028`}, {-0.078771581138271, 0.81586025506978, 
     0.5728586930495602}, {0.02485047232810504, -0.5728586930495602, 
     0.8192773473144606}}, {-33.64558272834768, 124.39443829590078`, 
     244.68424106936914`}}], GeometricTransformation3DBox[
    InterpretationBox[
     GeometricTransformation3DBox[
      SphereBox[{0, 0, 
       0}], {{{242.33280000000002`, 0, 0}, {0, 181.74960000000002`, 0}, {
        0, 0, 121.16640000000001`}}, {-200., -450., -100.}}],
     Ellipsoid[{-200., -450., -100.}, {242.33280000000002`, 
      181.74960000000002`, 121.16640000000001`}]], {{{0.4815123494043564, 
     0.7908457844213007, 0.37776818637115883`}, {-0.7908457844213007, 
     0.2062718446976207, 0.5762073162917131}, {
     0.37776818637115883`, -0.5762073162917131, 0.7247594952932643}}, {
     289.9598915075725, -457.72609514115953`, -211.26370552771272`}}], 
   GeometricTransformation3DBox[
    InterpretationBox[
     GeometricTransformation3DBox[
      SphereBox[{0, 0, 
       0}], {{{243.705, 0, 0}, {0, 182.77875, 0}, {0, 0, 121.8525}}, {
       600., -150., -100.}}],
     Ellipsoid[{600., -150., -100.}, {243.705, 182.77875, 121.8525}]], {{{
     0.7908818614400269, -0.6119628591783045, -0.0027092861555716077`}, {
     0.6119628591783045, 0.7908467605562713, 
     0.00792844902653102}, {-0.0027092861555716077`, -0.00792844902653102, 
     0.9999648991162445}}, {33.40552564368102, -397.7578565208888, 
     0.4327942509877687}}], GeometricTransformation3DBox[
    InterpretationBox[
     GeometricTransformation3DBox[
      SphereBox[{0, 0, 
       0}], {{{267.1286, 0, 0}, {0, 200.34644999999998`, 0}, {
        0, 0, 133.5643}}, {-600., -150., 100.}}],
     Ellipsoid[{-600., -150., 100.}, {267.1286, 200.34644999999998`, 
      133.5643}]], {{{0.9473556414523023, 
     0.3192305830853892, -0.02468042607937948}, {-0.3192305830853892, 
     0.9357851057241894, -0.1496598500858871}, {-0.02468042607937948, 
     0.1496598500858871, 0.9884294642718875}}, {
     18.766014942127754`, -186.2045989840164, 8.797775438066623}}], 
   GeometricTransformation3DBox[
    InterpretationBox[
     GeometricTransformation3DBox[
      SphereBox[{0, 0, 
       0}], {{{151.5292, 0, 0}, {0, 113.6469, 0}, {0, 0, 75.7646}}, {-200., 
       150., -300.}}],
     Ellipsoid[{-200., 150., -300.}, {151.5292, 113.6469, 75.7646}]], {{{
     0.6071058834500438, -0.6633133764248408, -0.4375360681546375}, {
     0.6633133764248408, 0.11985549492996429`, 
     0.7386812742928922}, {-0.4375360681546375, -0.7386812742928922, 
     0.5127496114799207}}, {-110.34263729265635`, 
     486.28873333334116`, -122.8801390430175}}], GeometricTransformation3DBox[
    InterpretationBox[
     GeometricTransformation3DBox[
      SphereBox[{0, 0, 
       0}], {{{169.86, 0, 0}, {0, 127.39500000000001`, 0}, {
        0, 0, 84.93}}, {-200., -150., 300.}}],
     Ellipsoid[{-200., -150., 300.}, {169.86, 127.39500000000001`, 
      84.93}]], {{{
     0.9843768718184461, -0.16919985050578856`, -0.04871945009695411}, {
     0.16919985050578856`, 0.8324492431024468, 
     0.527635923954181}, {-0.04871945009695408, -0.527635923954181, 
     0.848072371284001}}, {-13.888768183092822`, -149.58342061972957`, \
-43.31098999771825}}], GeometricTransformation3DBox[
    InterpretationBox[
     GeometricTransformation3DBox[
      SphereBox[{0, 0, 
       0}], {{{218.9972, 0, 0}, {0, 164.24790000000002`, 0}, {
        0, 0, 109.4986}}, {200., -450., 100.}}],
     Ellipsoid[{200., -450., 100.}, {218.9972, 164.24790000000002`, 
      109.4986}]], {{{
     0.970781973463966, -0.22883950557605112`, -0.07221385383093754}, {
     0.22883950557605112`, 0.792301723311388, 
     0.5655885960002315}, {-0.07221385383093748, -0.5655885960002315, 
     0.821519749847422}}, {-89.91278681892243, -195.79098522510878`, \
-222.22407241865886`}}], GeometricTransformation3DBox[
    InterpretationBox[
     GeometricTransformation3DBox[
      SphereBox[{0, 0, 
       0}], {{{255.6878, 0, 0}, {0, 191.76585000000003`, 0}, {
        0, 0, 127.8439}}, {600., -150., 100.}}],
     Ellipsoid[{600., -150., 100.}, {255.6878, 191.76585000000003`, 
      127.8439}]], {{{
     0.9229540568892975, -0.3723104243619126, -0.09767679756748954}, {
     0.3723104243619126, 0.7991220107381873, 
     0.4720052540652583}, {-0.09767679756748954, -0.4720052540652583, 
     0.8761679538488901}}, {0.14868196888357943`, -300.7184784129453, 
     0.1884950458159551}}], GeometricTransformation3DBox[
    InterpretationBox[
     GeometricTransformation3DBox[
      SphereBox[{0, 0, 
       0}], {{{140.70860000000002`, 0, 0}, {0, 105.53145, 0}, {
        0, 0, 70.35430000000001}}, {600., 150., 100.}}],
     Ellipsoid[{600., 150., 100.}, {140.70860000000002`, 105.53145, 
      70.35430000000001}]], {{{0.548177259931318, 0.8278701630423838, 
     0.11888096920184113`}, {-0.8278701630423838, 0.5168979913486416, 
     0.21782437807535807`}, {0.11888096920184116`, -0.21782437807535807`, 
     0.9687207314173236}}, {135.02502266466752`, 
     547.4049613155983, -35.52699795153336}}], GeometricTransformation3DBox[
    InterpretationBox[
     GeometricTransformation3DBox[
      SphereBox[{0, 0, 
       0}], {{{222.82540000000003`, 0, 0}, {0, 167.11905000000002`, 0}, {
        0, 0, 111.41270000000002`}}, {200., -450., -100.}}],
     Ellipsoid[{200., -450., -100.}, {222.82540000000003`, 
      167.11905000000002`, 111.41270000000002`}]], {{{0.6681875075814776, 
     0.6658418882731203, 0.3319337803432158}, {-0.6658418882731203, 
     0.33613239497900893`, 0.6660852744705898}, {
     0.3319337803432158, -0.6660852744705898, 0.6679448873975311}}, {
     399.1847262409302, -98.96351715776296, -399.3306408406555}}], 
   GeometricTransformation3DBox[
    InterpretationBox[
     GeometricTransformation3DBox[
      SphereBox[{0, 0, 
       0}], {{{138.3062, 0, 0}, {0, 103.72965, 0}, {0, 0, 69.1531}}, {600., 
       150., -100.}}],
     Ellipsoid[{600., 150., -100.}, {138.3062, 103.72965, 69.1531}]], {{{
     0.8174816198597696, 
     0.5197086079689628, -0.24824738466781518`}, {-0.5197086079689628, 
     0.4798347267246134, -0.7068674542176054}, {-0.24824738466781518`, 
     0.7068674542176054, 0.6623531068648439}}, {6.729998422012272, 
     319.1632103509251, 9.15362335453267}}], GeometricTransformation3DBox[
    InterpretationBox[
     GeometricTransformation3DBox[
      SphereBox[{0, 0, 
       0}], {{{161.89100000000002`, 0, 0}, {0, 121.41825, 0}, {
        0, 0, 80.94550000000001}}, {-400., 300., 200.}}],
     Ellipsoid[{-400., 300., 200.}, {161.89100000000002`, 121.41825, 
      80.94550000000001}]], {{{
     0.8516911703053067, -0.5163062760561756, -0.08972167925858798}, {
     0.5163062760561756, 0.7974126776116989, 
     0.31234732412675614`}, {-0.08972167925858798, -0.31234732412675614`, 
     0.9457215073063919}}, {113.51268679069301`, 204.82924231360937`, 
     68.67122407331325}}], GeometricTransformation3DBox[
    InterpretationBox[
     GeometricTransformation3DBox[
      SphereBox[{0, 0, 
       0}], {{{145.4206, 0, 0}, {0, 109.06545000000001`, 0}, {
        0, 0, 72.7103}}, {-400., -300., 200.}}],
     Ellipsoid[{-400., -300., 200.}, {145.4206, 109.06545000000001`, 
      72.7103}]], {{{
     0.9955487848807341, -0.09416733187424045, -0.003889798218452367}, {
     0.09416733187424045, 0.9921495939239128, 
     0.08229032072061408}, {-0.003889798218452367, -0.08229032072061408, 
     0.9966008090431785}}, {-29.252725966288097`, 
     18.85374678274718, -25.563177312200878`}}], GeometricTransformation3DBox[
    InterpretationBox[
     GeometricTransformation3DBox[
      SphereBox[{0, 0, 
       0}], {{{260.6634, 0, 0}, {0, 195.49755000000002`, 0}, {
        0, 0, 130.3317}}, {-400., 300., -200.}}],
     Ellipsoid[{-400., 300., -200.}, {260.6634, 195.49755000000002`, 
      130.3317}]], {{{0.9836292086871257, -0.1801736624460149, 
     0.0033213217743122136`}, {0.1801736624460149, 
     0.9829553757539646, -0.036553804688043465`}, {0.0033213217743122136`, 
     0.036553804688043465`, 0.9993261670668391}}, {48.16804656351718, 
     69.87209131460784, -9.772379283320362}}], GeometricTransformation3DBox[
    InterpretationBox[
     GeometricTransformation3DBox[
      SphereBox[{0, 0, 
       0}], {{{204.5728, 0, 0}, {0, 153.4296, 0}, {0, 0, 102.2864}}, {400., 
       300., -200.}}],
     Ellipsoid[{400., 300., -200.}, {204.5728, 153.4296, 102.2864}]], {{{
     0.7532565344938804, -0.6101055352267236, -0.24571493468648387`}, {
     0.6101055352267236, 0.5085658432768293, 
     0.6075623580652777}, {-0.24571493468648387`, -0.6075623580652777, 
     0.7553093087829492}}, {232.58605983316815`, 24.900504539317296`, 
     231.61654305076672`}}], GeometricTransformation3DBox[
    InterpretationBox[
     GeometricTransformation3DBox[
      SphereBox[{0, 0, 
       0}], {{{268.1784, 0, 0}, {0, 201.1338, 0}, {0, 0, 134.0892}}, {
       400., -300., -200.}}],
     Ellipsoid[{400., -300., -200.}, {268.1784, 201.1338, 134.0892}]], {{{
     0.998106726423873, 0.06149288892257162, 
     0.0012598727619236305`}, {-0.06149288892257162, 0.9972683481798349, 
     0.04092024353079734}, {0.0012598727619236305`, -0.04092024353079734, 
     0.999161621755962}}, {19.45715065960701, 
     31.961708729138536`, -12.947697812816244`}}], 
   GeometricTransformation3DBox[
    InterpretationBox[
     GeometricTransformation3DBox[
      SphereBox[{0, 0, 
       0}], {{{190.1584, 0, 0}, {0, 142.6188, 0}, {0, 0, 95.0792}}, {400., 
       300., 200.}}],
     Ellipsoid[{400., 300., 200.}, {190.1584, 142.6188, 95.0792}]], {{{
     0.8872639309139222, -0.40269626938266095`, 0.2249409511948901}, {
     0.40269626938266095`, 0.43844189964522196`, -0.8034951246029912}, {
     0.2249409511948901, 0.8034951246029912, 0.5511779687312997}}, {
     120.91511821025136`, 168.08794727396727`, -241.26051160511338`}}], 
   GeometricTransformation3DBox[
    InterpretationBox[
     GeometricTransformation3DBox[
      SphereBox[{0, 0, 
       0}], {{{214.7196, 0, 0}, {0, 161.0397, 0}, {0, 0, 107.3598}}, {
       400., -300., 200.}}],
     Ellipsoid[{400., -300., 200.}, {214.7196, 161.0397, 107.3598}]], {{{
     0.7111759891778177, 
     0.672998903965885, -0.20322693639788592`}, {-0.672998903965885, 
     0.568178225383526, -0.4735461745814706}, {-0.20322693639788586`, 
     0.4735461745814706, 0.8570022362057088}}, {358.0746627982156, 
     234.36226411770588`, 251.95417969245375`}}], GeometricTransformation3DBox[
    InterpretationBox[
     GeometricTransformation3DBox[
      SphereBox[{0, 0, 
       0}], {{{120.83500000000001`, 0, 0}, {0, 90.62625, 0}, {
        0, 0, 60.417500000000004`}}, {-400., -300., -200.}}],
     Ellipsoid[{-400., -300., -200.}, {120.83500000000001`, 90.62625, 
      60.417500000000004`}]], {{{
     0.5149696306191904, -0.7822314979872477, -0.35059971919064725`}, {
     0.7822314979872477, 0.2615418643259565, 
     0.5654288078631379}, {-0.35059971919064725`, -0.5654288078631379, 
     0.7465722337067657}}, {-498.8015409866276, 
     204.44092006531355`, -360.5540832938471}}], GeometricTransformation3DBox[
    InterpretationBox[
     GeometricTransformation3DBox[
      SphereBox[{0, 0, 
       0}], {{{162.3938, 0, 0}, {0, 121.79535000000001`, 0}, {
